#region FileHeader
// Project: Glaucon4Test
// Filename:   TestC.cs
// Last write: 5/3/2023 3:38:17 PM
// Creation:   4/24/2023 12:39:30 PM
// Copyright: E.H. Terwiel, 2021,2022, 2023, the Netherlands
// No part of this file may be copied in any form without written consent
// of the programmer, owner and/or copyrightholder.
#endregion FileHeader

using System.Collections.Generic;
using System.Diagnostics;
using MathNet.Numerics.LinearAlgebra;
using Microsoft.VisualStudio.TestTools.UnitTesting;
using MathNet.Numerics.LinearAlgebra.Double;
using gl = Terwiel.Glaucon;

namespace UnitTestGlaucon
{
    public partial class UnitTestC
    {

        Vector<double> Fmech = Vector<double>.Build.DenseOfArray(new[]
        {
                0,
                0,
                -5.998932815599e-001,
                -4.999110679666e+000,
                2.360259894893e+000,
                0,
                0,
                -5.500000119209e+001,
                -1.066683708799e+000,
                1.055798668370e+001,
                1.277895113365e+001,
                -9.166666865349e+002,
                0,
                0,
                -9.706477191866e-001,
                3.089620313556e+000,
                8.260909632124e+000,
                0,
                0,
                0,
                -1.767179736069e+000,
                -1.855323518425e+001,
                3.337911554082e+000,
                0,
                0,
                -1.100000023842e+002,
                -7.956012187074e-001,
                5.449880208448e+000,
                3.540389842339e+000,
                0,
                0,
                0,
                -1.466302297114e+000,
                -2.220964449952e+000,
                -7.080779684678e+000,
                0,
                0,
                0,
                -7.415088752534e-001,
                -4.999110679666e+000,
                0,
                0,
                0,
                -1.100000023842e+002,
                -1.608848688982e+000,
                1.723380979186e+001,
                3.742868130595e+000,
                0,
                0,
                0,
                -1.678725687654e+000,
                3.089620313556e+000,
                -3.540389842339e+000,
                0,
                0,
                0,
                -1.767179736069e+000,
                -1.855323518425e+001,
                3.337911554082e+000,
                0,
                0,
                -1.100000023842e+002,
                -7.956012187074e-001,
                5.449880208448e+000,
                3.540389842339e+000,
                0,
                0,
                0,
                -1.466302297114e+000,
                -2.220964449952e+000,
                -7.080779684678e+000,
                0,
                0,
                0,
                -7.415088752534e-001,
                -4.999110679666e+000,
                0,
                0,
                0,
                -1.100000023842e+002,
                -1.608848688982e+000,
                1.723380979186e+001,
                3.742868130595e+000,
                0,
                0,
                0,
                -1.678725687654e+000,
                3.089620313556e+000,
                -3.540389842339e+000,
                0,
                0,
                0,
                -1.012591365345e+000,
                -1.010721715492e+001,
                -9.238561291314e+000,
                0,
                0,
                -5.500000119209e+001,
                -4.415622344735e-001,
                3.679685287279e+000,
                -2.360259894893e+000,
                9.166666865349e+002,
                0,
                0,
                -1.183071109727e+000,
                -2.220964449952e+000,
                -1.180129947446e+001,
                0
            });

#if DEBUG
        DenseMatrix Ku = (DenseMatrix)Matrix<double>.Build.DenseOfArray(new[,]
        {
                {
                    3.011664558945e+003, 0, 0, 0, 2.347981382999e+003, -4.409237255768e+003, -6.470493128537e+001, 0, 0,
                    0, 0, -3.235246564268e+003, -4.695962765998e+001, 0, 0, 0, 2.347981382999e+003,
                    -1.173990691499e+003, -2.900000000000e+003, 0, 0, 0, 0, 0, 0, 0, 0, 0, 0, 0, 0, 0, 0, 0, 0, 0, 0, 0,
                    0, 0, 0, 0, 0, 0, 0, 0, 0, 0, 0, 0, 0, 0, 0, 0, 0, 0, 0, 0, 0, 0, 0, 0, 0, 0, 0, 0, 0, 0, 0, 0, 0,
                    0, 0, 0, 0, 0, 0, 0, 0, 0, 0, 0, 0, 0, 0, 0, 0, 0, 0, 0, 0, 0, 0, 0, 0, 0, 0, 0, 0, 0, 0, 0, 0, 0,
                    0, 0, 0, 0
                },
                {
                    0, 4.021241190082e+003, 2.065570724502e+003, -1.187544827278e+003, 0, 3.235246564268e+003, 0,
                    -2.900000000000e+003, 0, 0, 0, 0, 0, -1.056536258796e+003, -2.065570724502e+003,
                    -1.187544827278e+003, 0, 0, 0, -6.470493128537e+001, 0, 0, 0, 3.235246564268e+003, 0, 0, 0, 0, 0, 0,
                    0, 0, 0, 0, 0, 0, 0, 0, 0, 0, 0, 0, 0, 0, 0, 0, 0, 0, 0, 0, 0, 0, 0, 0, 0, 0, 0, 0, 0, 0, 0, 0, 0,
                    0, 0, 0, 0, 0, 0, 0, 0, 0, 0, 0, 0, 0, 0, 0, 0, 0, 0, 0, 0, 0, 0, 0, 0, 0, 0, 0, 0, 0, 0, 0, 0, 0,
                    0, 0, 0, 0, 0, 0, 0, 0, 0, 0, 0, 0
                },
                {
                    0, 2.065570724502e+003, 4.221150623694e+003, 2.250229367281e+003, -1.656456953642e+003, 0, 0, 0,
                    -3.312913907285e+001, 1.656456953642e+003, 0, 0, 0, -2.065570724502e+003, -4.154892345549e+003,
                    5.937724136391e+002, 0, 0, 0, 0, -3.312913907285e+001, 0, -1.656456953642e+003, 0, 0, 0, 0, 0, 0, 0,
                    0, 0, 0, 0, 0, 0, 0, 0, 0, 0, 0, 0, 0, 0, 0, 0, 0, 0, 0, 0, 0, 0, 0, 0, 0, 0, 0, 0, 0, 0, 0, 0, 0,
                    0, 0, 0, 0, 0, 0, 0, 0, 0, 0, 0, 0, 0, 0, 0, 0, 0, 0, 0, 0, 0, 0, 0, 0, 0, 0, 0, 0, 0, 0, 0, 0, 0,
                    0, 0, 0, 0, 0, 0, 0, 0, 0, 0, 0, 0
                },
                {
                    0, -1.187544827278e+003, 2.250229367281e+003, 2.177327879260e+005, 0, 0, 0, 0, -1.656456953642e+003,
                    5.382284768212e+004, 0, 0, 0, 1.187544827278e+003, -5.937724136391e+002, 4.828316316588e+004, 0, 0,
                    0, 0, 0, -5.750000000000e+003, 0, 0, 0, 0, 0, 0, 0, 0, 0, 0, 0, 0, 0, 0, 0, 0, 0, 0, 0, 0, 0, 0, 0,
                    0, 0, 0, 0, 0, 0, 0, 0, 0, 0, 0, 0, 0, 0, 0, 0, 0, 0, 0, 0, 0, 0, 0, 0, 0, 0, 0, 0, 0, 0, 0, 0, 0,
                    0, 0, 0, 0, 0, 0, 0, 0, 0, 0, 0, 0, 0, 0, 0, 0, 0, 0, 0, 0, 0, 0, 0, 0, 0, 0, 0, 0, 0, 0
                },
                {
                    2.347981382999e+003, 0, -1.656456953642e+003, 0, 2.775019297641e+005, -7.739306286687e+004, 0, 0, 0,
                    0, -5.750000000000e+003, 0, -2.347981382999e+003, 0, 0, 0, 7.486905621789e+004,
                    -4.000600628307e+004, 0, 0, 1.656456953642e+003, 0, 5.382284768212e+004, 0, 0, 0, 0, 0, 0, 0, 0, 0,
                    0, 0, 0, 0, 0, 0, 0, 0, 0, 0, 0, 0, 0, 0, 0, 0, 0, 0, 0, 0, 0, 0, 0, 0, 0, 0, 0, 0, 0, 0, 0, 0, 0,
                    0, 0, 0, 0, 0, 0, 0, 0, 0, 0, 0, 0, 0, 0, 0, 0, 0, 0, 0, 0, 0, 0, 0, 0, 0, 0, 0, 0, 0, 0, 0, 0, 0,
                    0, 0, 0, 0, 0, 0, 0, 0, 0, 0
                },
                {
                    -4.409237255768e+003, 3.235246564268e+003, 0, 0, -7.739306286687e+004, 4.833641442085e+005,
                    3.235246564268e+003, 0, 0, 0, 0, 1.037623282134e+005, 1.173990691499e+003, 0, 0, 0,
                    -4.000600628307e+004, 1.486004679329e+004, 0, -3.235246564268e+003, 0, 0, 0, 1.037623282134e+005, 0,
                    0, 0, 0, 0, 0, 0, 0, 0, 0, 0, 0, 0, 0, 0, 0, 0, 0, 0, 0, 0, 0, 0, 0, 0, 0, 0, 0, 0, 0, 0, 0, 0, 0,
                    0, 0, 0, 0, 0, 0, 0, 0, 0, 0, 0, 0, 0, 0, 0, 0, 0, 0, 0, 0, 0, 0, 0, 0, 0, 0, 0, 0, 0, 0, 0, 0, 0,
                    0, 0, 0, 0, 0, 0, 0, 0, 0, 0, 0, 0, 0, 0, 0, 0, 0
                },
                {
                    -6.470493128537e+001, 0, 0, 0, 0, 3.235246564268e+003, 5.774462398488e+003, -1.866574791847e+003,
                    1.714055842000e+003, -1.982074123335e+002, 2.930148942758e+003, 6.077909810696e+003,
                    -4.657988256480e+001, 0, 0, 0, 2.328994128240e+003, 1.164497064120e+003, -1.037098646348e+003,
                    1.013511019093e+003, 0, 0, 0, 1.179381362715e+003, -2.900000000000e+003, 0, 0, 0, 0, 0,
                    -1.726078938290e+003, 8.530637727533e+002, -1.714055842000e+003, -1.982074123335e+002,
                    6.011548145179e+002, 4.987848195924e+002, 0, 0, 0, 0, 0, 0, 0, 0, 0, 0, 0, 0, 0, 0, 0, 0, 0, 0, 0,
                    0, 0, 0, 0, 0, 0, 0, 0, 0, 0, 0, 0, 0, 0, 0, 0, 0, 0, 0, 0, 0, 0, 0, 0, 0, 0, 0, 0, 0, 0, 0, 0, 0,
                    0, 0, 0, 0, 0, 0, 0, 0, 0, 0, 0, 0, 0, 0, 0, 0, 0, 0, 0, 0
                },
                {
                    0, -2.900000000000e+003, 0, 0, 0, 0, -1.866574791847e+003, 4.985411698683e+003,
                    -1.885063103942e+003, -2.086010760296e+003, 1.982074123335e+002, 5.380015259846e+003, 0,
                    -5.377684880164e+002, 1.028035182942e+003, -1.187544827278e+003, 0, 0, 1.013511019093e+003,
                    -1.037098646348e+003, 0, 0, 0, 1.179381362715e+003, 0, -6.406128515893e+001, 0, 0, 0,
                    3.203064257946e+003, 8.530637727533e+002, -4.464832791603e+002, 8.570279209999e+002,
                    -8.984659330182e+002, 1.982074123335e+002, 9.975696391849e+002, 0, 0, 0, 0, 0, 0, 0, 0, 0, 0, 0, 0,
                    0, 0, 0, 0, 0, 0, 0, 0, 0, 0, 0, 0, 0, 0, 0, 0, 0, 0, 0, 0, 0, 0, 0, 0, 0, 0, 0, 0, 0, 0, 0, 0, 0,
                    0, 0, 0, 0, 0, 0, 0, 0, 0, 0, 0, 0, 0, 0, 0, 0, 0, 0, 0, 0, 0, 0, 0, 0, 0, 0, 0
                },
                {
                    0, 0, -3.312913907285e+001, -1.656456953642e+003, 0, 0, 1.714055842000e+003, -1.885063103942e+003,
                    3.881803577443e+003, -3.098368640715e+003, -2.739866697075e+003, 0, 0, 1.028035182942e+003,
                    -2.079821262429e+003, -5.937724136391e+002, 0, 0, 0, 0, -1.194227438516e+001, -5.971137192582e+002,
                    -5.971137192582e+002, 0, 0, 0, -3.281403738931e+001, 0, -1.640701869465e+003, 0,
                    -1.714055842000e+003, 8.570279209999e+002, -1.724096864167e+003, -2.510255541756e+002,
                    -5.020511083512e+002, 0, 0, 0, 0, 0, 0, 0, 0, 0, 0, 0, 0, 0, 0, 0, 0, 0, 0, 0, 0, 0, 0, 0, 0, 0, 0,
                    0, 0, 0, 0, 0, 0, 0, 0, 0, 0, 0, 0, 0, 0, 0, 0, 0, 0, 0, 0, 0, 0, 0, 0, 0, 0, 0, 0, 0, 0, 0, 0, 0,
                    0, 0, 0, 0, 0, 0, 0, 0, 0, 0, 0, 0, 0, 0
                },
                {
                    0, 0, 1.656456953642e+003, 5.382284768212e+004, 0, 0, -1.982074123335e+002, -2.086010760296e+003,
                    -3.098368640715e+003, 3.303919082358e+005, 4.072411679372e+004, -6.535996344073e+004, 0,
                    1.187544827278e+003, 5.937724136391e+002, 4.828316316588e+004, 0, 0, 0, 0, 5.971137192582e+002,
                    1.756970563979e+004, 2.163556963162e+004, 0, 0, 0, 0, -5.750000000000e+003, 0, 0,
                    1.982074123335e+002, 8.984659330182e+002, 2.510255541756e+002, 3.188041698678e+004,
                    2.633499684699e+003, -3.439700047776e+004, 0, 0, 0, 0, 0, 0, 0, 0, 0, 0, 0, 0, 0, 0, 0, 0, 0, 0, 0,
                    0, 0, 0, 0, 0, 0, 0, 0, 0, 0, 0, 0, 0, 0, 0, 0, 0, 0, 0, 0, 0, 0, 0, 0, 0, 0, 0, 0, 0, 0, 0, 0, 0,
                    0, 0, 0, 0, 0, 0, 0, 0, 0, 0, 0, 0, 0, 0, 0, 0, 0, 0, 0, 0
                },
                {
                    0, 0, 0, 0, -5.750000000000e+003, 0, 2.930148942758e+003, 1.982074123335e+002, -2.739866697075e+003,
                    4.072411679372e+004, 3.923964048764e+005, 1.095983632183e+005, -2.328994128240e+003, 0, 0, 0,
                    7.391969347996e+004, 3.953132491411e+004, 0, 0, 5.971137192582e+002, 2.163556963162e+004,
                    1.756970563979e+004, 0, 0, 0, 1.640701869465e+003, 0, 5.303509347327e+004, 0, -6.011548145179e+002,
                    -1.982074123335e+002, 5.020511083512e+002, 2.633499684699e+003, 3.583066651383e+004,
                    1.719850023888e+004, 0, 0, 0, 0, 0, 0, 0, 0, 0, 0, 0, 0, 0, 0, 0, 0, 0, 0, 0, 0, 0, 0, 0, 0, 0, 0,
                    0, 0, 0, 0, 0, 0, 0, 0, 0, 0, 0, 0, 0, 0, 0, 0, 0, 0, 0, 0, 0, 0, 0, 0, 0, 0, 0, 0, 0, 0, 0, 0, 0,
                    0, 0, 0, 0, 0, 0, 0, 0, 0, 0, 0, 0, 0
                },
                {
                    -3.235246564268e+003, 0, 0, 0, 0, 1.037623282134e+005, 6.077909810696e+003, 5.380015259846e+003, 0,
                    -6.535996344073e+004, 1.095983632183e+005, 7.260013054225e+005, -1.164497064120e+003, 0, 0, 0,
                    3.953132491411e+004, 1.462270610880e+004, -1.179381362715e+003, -1.179381362715e+003, 0, 0, 0,
                    7.692594296267e+004, 0, -3.203064257946e+003, 0, 0, 0, 1.021532128973e+005, -4.987848195924e+002,
                    -9.975696391849e+002, 0, -3.439700047776e+004, 1.719850023888e+004, 3.916291726387e+004, 0, 0, 0, 0,
                    0, 0, 0, 0, 0, 0, 0, 0, 0, 0, 0, 0, 0, 0, 0, 0, 0, 0, 0, 0, 0, 0, 0, 0, 0, 0, 0, 0, 0, 0, 0, 0, 0,
                    0, 0, 0, 0, 0, 0, 0, 0, 0, 0, 0, 0, 0, 0, 0, 0, 0, 0, 0, 0, 0, 0, 0, 0, 0, 0, 0, 0, 0, 0, 0, 0, 0,
                    0, 0
                },
                {
                    -4.695962765998e+001, 0, 0, 0, -2.347981382999e+003, 1.173990691499e+003, -4.657988256480e+001, 0,
                    0, 0, -2.328994128240e+003, -1.164497064120e+003, 6.760374843627e+003, -4.234419703090e+002,
                    -8.547770147770e+002, 1.973268539730e+002, -5.279891442478e+003, 5.082784469718e+002,
                    -8.668353334018e+002, 4.234419703090e+002, 8.547770147770e+002, 1.973268539730e+002,
                    -6.029159312390e+002, 4.987848195924e+002, 0, 0, 0, 0, 0, 0, -5.800000000000e+003, 0, 0, 0, 0, 0, 0,
                    0, 0, 0, 0, 0, 0, 0, 0, 0, 0, 0, 0, 0, 0, 0, 0, 0, 0, 0, 0, 0, 0, 0, 0, 0, 0, 0, 0, 0, 0, 0, 0, 0,
                    0, 0, 0, 0, 0, 0, 0, 0, 0, 0, 0, 0, 0, 0, 0, 0, 0, 0, 0, 0, 0, 0, 0, 0, 0, 0, 0, 0, 0, 0, 0, 0, 0,
                    0, 0, 0, 0, 0
                },
                {
                    0, -1.056536258796e+003, -2.065570724502e+003, 1.187544827278e+003, 0, 0, 0, -5.377684880164e+002,
                    1.028035182942e+003, 1.187544827278e+003, 0, 0, -4.234419703090e+002, 1.890682056036e+003,
                    1.464924048948e+003, 3.273995866755e+003, -1.973268539730e+002, 4.232816203453e+003,
                    4.234419703090e+002, -2.316723779382e+002, -4.273885073885e+002, 8.989062121984e+002,
                    -1.973268539730e+002, 9.975696391849e+002, 0, 0, 0, 0, 0, 0, 0, -6.470493128537e+001, 0, 0, 0,
                    3.235246564268e+003, 0, 0, 0, 0, 0, 0, 0, 0, 0, 0, 0, 0, 0, 0, 0, 0, 0, 0, 0, 0, 0, 0, 0, 0, 0, 0,
                    0, 0, 0, 0, 0, 0, 0, 0, 0, 0, 0, 0, 0, 0, 0, 0, 0, 0, 0, 0, 0, 0, 0, 0, 0, 0, 0, 0, 0, 0, 0, 0, 0,
                    0, 0, 0, 0, 0, 0, 0, 0, 0, 0, 0, 0, 0
                },
                {
                    0, -2.065570724502e+003, -4.154892345549e+003, -5.937724136391e+002, 0, 0, 0, 1.028035182942e+003,
                    -2.079821262429e+003, 5.937724136391e+002, 0, 0, -8.547770147770e+002, 1.464924048948e+003,
                    7.132389710229e+003, -2.521262521263e+002, -2.144954373718e+003, 0, 8.547770147770e+002,
                    -4.273885073885e+002, -8.648620648621e+002, -2.521262521263e+002, -5.042525042525e+002, 0, 0, 0, 0,
                    0, 0, 0, 0, 0, -3.281403738931e+001, 0, -1.640701869465e+003, 0, 0, 0, 0, 0, 0, 0, 0, 0, 0, 0, 0, 0,
                    0, 0, 0, 0, 0, 0, 0, 0, 0, 0, 0, 0, 0, 0, 0, 0, 0, 0, 0, 0, 0, 0, 0, 0, 0, 0, 0, 0, 0, 0, 0, 0, 0,
                    0, 0, 0, 0, 0, 0, 0, 0, 0, 0, 0, 0, 0, 0, 0, 0, 0, 0, 0, 0, 0, 0, 0, 0, 0, 0, 0
                },
                {
                    0, -1.187544827278e+003, 5.937724136391e+002, 4.828316316588e+004, 0, 0, 0, -1.187544827278e+003,
                    -5.937724136391e+002, 4.828316316588e+004, 0, 0, 1.973268539730e+002, 3.273995866755e+003,
                    -2.521262521263e+002, 2.766368659194e+005, 2.747377315072e+003, 6.535996344073e+004,
                    -1.973268539730e+002, -8.989062121984e+002, 2.521262521263e+002, 3.192994839456e+004,
                    2.732562500257e+003, 3.439700047776e+004, 0, 0, 0, 0, 0, 0, 0, 0, 0, -5.750000000000e+003, 0, 0, 0,
                    0, 0, 0, 0, 0, 0, 0, 0, 0, 0, 0, 0, 0, 0, 0, 0, 0, 0, 0, 0, 0, 0, 0, 0, 0, 0, 0, 0, 0, 0, 0, 0, 0,
                    0, 0, 0, 0, 0, 0, 0, 0, 0, 0, 0, 0, 0, 0, 0, 0, 0, 0, 0, 0, 0, 0, 0, 0, 0, 0, 0, 0, 0, 0, 0, 0, 0,
                    0, 0, 0, 0, 0
                },
                {
                    2.347981382999e+003, 0, 0, 0, 7.486905621789e+004, -4.000600628307e+004, 2.328994128240e+003, 0, 0,
                    0, 7.391969347996e+004, 3.953132491411e+004, -5.279891442478e+003, -1.973268539730e+002,
                    -2.144954373718e+003, 2.747377315072e+003, 5.046319463035e+005, -3.315466308933e+004,
                    6.029159312390e+002, 1.973268539730e+002, 5.042525042525e+002, 2.732562500257e+003,
                    3.602879214494e+004, -1.719850023888e+004, 0, 0, 0, 0, 0, 0, 0, 0, 1.640701869465e+003, 0,
                    5.303509347327e+004, 0, 0, 0, 0, 0, 0, 0, 0, 0, 0, 0, 0, 0, 0, 0, 0, 0, 0, 0, 0, 0, 0, 0, 0, 0, 0,
                    0, 0, 0, 0, 0, 0, 0, 0, 0, 0, 0, 0, 0, 0, 0, 0, 0, 0, 0, 0, 0, 0, 0, 0, 0, 0, 0, 0, 0, 0, 0, 0, 0,
                    0, 0, 0, 0, 0, 0, 0, 0, 0, 0, 0, 0, 0, 0
                },
                {
                    -1.173990691499e+003, 0, 0, 0, -4.000600628307e+004, 1.486004679329e+004, 1.164497064120e+003, 0, 0,
                    0, 3.953132491411e+004, 1.462270610880e+004, 5.082784469718e+002, 4.232816203453e+003, 0,
                    6.535996344073e+004, -3.315466308933e+004, 3.927372507265e+005, -4.987848195924e+002,
                    -9.975696391849e+002, 0, 3.439700047776e+004, -1.719850023888e+004, 3.916291726387e+004, 0, 0, 0, 0,
                    0, 0, 0, -3.235246564268e+003, 0, 0, 0, 1.037623282134e+005, 0, 0, 0, 0, 0, 0, 0, 0, 0, 0, 0, 0, 0,
                    0, 0, 0, 0, 0, 0, 0, 0, 0, 0, 0, 0, 0, 0, 0, 0, 0, 0, 0, 0, 0, 0, 0, 0, 0, 0, 0, 0, 0, 0, 0, 0, 0,
                    0, 0, 0, 0, 0, 0, 0, 0, 0, 0, 0, 0, 0, 0, 0, 0, 0, 0, 0, 0, 0, 0, 0, 0, 0, 0
                },
                {
                    -2.900000000000e+003, 0, 0, 0, 0, 0, -1.037098646348e+003, 1.013511019093e+003, 0, 0, 0,
                    -1.179381362715e+003, -8.668353334018e+002, 4.234419703090e+002, 8.547770147770e+002,
                    -1.973268539730e+002, 6.029159312390e+002, -4.987848195924e+002, 1.074489875890e+004,
                    1.025243424989e+003, 0, 0, 3.553813245477e+003, -7.771710393532e+003, -6.470493128537e+001, 0, 0, 0,
                    0, -3.235246564268e+003, -4.695962765998e+001, 0, 0, 0, 2.347981382999e+003, -1.173990691499e+003,
                    -2.900000000000e+003, 0, 0, 0, 0, 0, -2.062464886800e+003, -2.038754444082e+003, 0, 0, 0,
                    -1.185522135865e+003, -8.668353334018e+002, -4.234419703090e+002, -8.547770147770e+002,
                    1.973268539730e+002, 6.029159312390e+002, -4.987848195924e+002, 0, 0, 0, 0, 0, 0, 0, 0, 0, 0, 0, 0,
                    0, 0, 0, 0, 0, 0, 0, 0, 0, 0, 0, 0, 0, 0, 0, 0, 0, 0, 0, 0, 0, 0, 0, 0, 0, 0, 0, 0, 0, 0, 0, 0, 0,
                    0, 0, 0, 0, 0, 0, 0, 0, 0
                },
                {
                    0, -6.470493128537e+001, 0, 0, 0, -3.235246564268e+003, 1.013511019093e+003, -1.037098646348e+003,
                    0, 0, 0, -1.179381362715e+003, 4.234419703090e+002, -2.316723779382e+002, -4.273885073885e+002,
                    -8.989062121984e+002, 1.973268539730e+002, -9.975696391849e+002, 1.025243424989e+003,
                    7.648854410391e+003, 2.920347739279e+003, -2.985357251675e+003, 0, 6.140773149573e+000, 0,
                    -2.900000000000e+003, 0, 0, 0, 0, 0, -1.056536258796e+003, -2.065570724502e+003,
                    -1.187544827278e+003, 0, 0, 0, -6.470493128537e+001, 0, 0, 0, 3.235246564268e+003,
                    -2.038754444082e+003, -2.062464886800e+003, 0, 0, 0, 1.185522135865e+003, -4.234419703090e+002,
                    -2.316723779382e+002, -4.273885073885e+002, -8.989062121984e+002, -1.973268539730e+002,
                    9.975696391849e+002, 0, 0, 0, 0, 0, 0, 0, 0, 0, 0, 0, 0, 0, 0, 0, 0, 0, 0, 0, 0, 0, 0, 0, 0, 0, 0,
                    0, 0, 0, 0, 0, 0, 0, 0, 0, 0, 0, 0, 0, 0, 0, 0, 0, 0, 0, 0, 0, 0, 0, 0, 0, 0, 0, 0
                },
                {
                    0, 0, -3.312913907285e+001, 0, 1.656456953642e+003, 0, 0, 0, -1.194227438516e+001,
                    5.971137192582e+002, 5.971137192582e+002, 0, 8.547770147770e+002, -4.273885073885e+002,
                    -8.648620648621e+002, 2.521262521263e+002, 5.042525042525e+002, 0, 0, 2.920347739279e+003,
                    6.007888441262e+003, 3.948709310050e+003, -1.136868377216e-013, 0, 0, 0, -3.312913907285e+001,
                    1.656456953642e+003, 0, 0, 0, -2.065570724502e+003, -4.154892345549e+003, 5.937724136391e+002, 0, 0,
                    0, 0, -3.312913907285e+001, 0, -1.656456953642e+003, 0, 0, 0, -1.194227438516e+001,
                    5.971137192582e+002, -5.971137192582e+002, 0, -8.547770147770e+002, -4.273885073885e+002,
                    -8.648620648621e+002, 2.521262521263e+002, -5.042525042525e+002, 0, 0, 0, 0, 0, 0, 0, 0, 0, 0, 0, 0,
                    0, 0, 0, 0, 0, 0, 0, 0, 0, 0, 0, 0, 0, 0, 0, 0, 0, 0, 0, 0, 0, 0, 0, 0, 0, 0, 0, 0, 0, 0, 0, 0, 0,
                    0, 0, 0, 0, 0, 0, 0, 0, 0, 0
                },
                {
                    0, 0, 0, -5.750000000000e+003, 0, 0, 0, 0, -5.971137192582e+002, 1.756970563979e+004,
                    2.163556963162e+004, 0, 1.973268539730e+002, 8.989062121984e+002, -2.521262521263e+002,
                    3.192994839456e+004, 2.732562500257e+003, 3.439700047776e+004, 0, -2.985357251675e+003,
                    3.948709310050e+003, 4.489000913612e+005, 0, 0, 0, 0, -1.656456953642e+003, 5.382284768212e+004, 0,
                    0, 0, 1.187544827278e+003, -5.937724136391e+002, 4.828316316588e+004, 0, 0, 0, 0, 0,
                    -5.750000000000e+003, 0, 0, 0, 0, -5.971137192582e+002, 1.756970563979e+004, -2.163556963162e+004,
                    0, -1.973268539730e+002, 8.989062121984e+002, -2.521262521263e+002, 3.192994839456e+004,
                    -2.732562500257e+003, -3.439700047776e+004, 0, 0, 0, 0, 0, 0, 0, 0, 0, 0, 0, 0, 0, 0, 0, 0, 0, 0, 0,
                    0, 0, 0, 0, 0, 0, 0, 0, 0, 0, 0, 0, 0, 0, 0, 0, 0, 0, 0, 0, 0, 0, 0, 0, 0, 0, 0, 0, 0, 0, 0, 0, 0,
                    0, 0
                },
                {
                    0, 0, -1.656456953642e+003, 0, 5.382284768212e+004, 0, 0, 0, -5.971137192582e+002,
                    2.163556963162e+004, 1.756970563979e+004, 0, -6.029159312390e+002, -1.973268539730e+002,
                    -5.042525042525e+002, 2.732562500257e+003, 3.602879214494e+004, -1.719850023888e+004,
                    3.553813245477e+003, 0, -1.136868377216e-013, 0, 6.229842128267e+005, -1.427530263076e+005, 0, 0, 0,
                    0, -5.750000000000e+003, 0, -2.347981382999e+003, 0, 0, 0, 7.486905621789e+004,
                    -4.000600628307e+004, 0, 0, 1.656456953642e+003, 0, 5.382284768212e+004, 0, 0, 0,
                    5.971137192582e+002, -2.163556963162e+004, 1.756970563979e+004, 0, -6.029159312390e+002,
                    1.973268539730e+002, 5.042525042525e+002, -2.732562500257e+003, 3.602879214494e+004,
                    -1.719850023888e+004, 0, 0, 0, 0, 0, 0, 0, 0, 0, 0, 0, 0, 0, 0, 0, 0, 0, 0, 0, 0, 0, 0, 0, 0, 0, 0,
                    0, 0, 0, 0, 0, 0, 0, 0, 0, 0, 0, 0, 0, 0, 0, 0, 0, 0, 0, 0, 0, 0, 0, 0, 0, 0, 0, 0
                },
                {
                    0, 3.235246564268e+003, 0, 0, 0, 1.037623282134e+005, 1.179381362715e+003, 1.179381362715e+003, 0,
                    0, 0, 7.692594296267e+004, 4.987848195924e+002, 9.975696391849e+002, 0, 3.439700047776e+004,
                    -1.719850023888e+004, 3.916291726387e+004, -7.771710393532e+003, 6.140773149573e+000, 0, 0,
                    -1.427530263076e+005, 1.192707784166e+006, 3.235246564268e+003, 0, 0, 0, 0, 1.037623282134e+005,
                    1.173990691499e+003, 0, 0, 0, -4.000600628307e+004, 1.486004679329e+004, 0, -3.235246564268e+003, 0,
                    0, 0, 1.037623282134e+005, 1.185522135865e+003, -1.185522135865e+003, 0, 0, 0, 7.754002027763e+004,
                    4.987848195924e+002, -9.975696391849e+002, 0, -3.439700047776e+004, -1.719850023888e+004,
                    3.916291726387e+004, 0, 0, 0, 0, 0, 0, 0, 0, 0, 0, 0, 0, 0, 0, 0, 0, 0, 0, 0, 0, 0, 0, 0, 0, 0, 0,
                    0, 0, 0, 0, 0, 0, 0, 0, 0, 0, 0, 0, 0, 0, 0, 0, 0, 0, 0, 0, 0, 0, 0, 0, 0, 0, 0, 0
                },
                {
                    0, 0, 0, 0, 0, 0, -2.900000000000e+003, 0, 0, 0, 0, 0, 0, 0, 0, 0, 0, 0, -6.470493128537e+001, 0, 0,
                    0, 0, 3.235246564268e+003, 6.778086035575e+003, -4.234710577350e+002, 8.547965827406e+002,
                    -1.963616817625e+002, 2.929226077473e+003, 4.896221284767e+003, -4.657988256480e+001, 0, 0, 0,
                    2.328994128240e+003, 1.164497064120e+003, 0, 0, 0, 0, 0, 0, -2.900000000000e+003, 0, 0, 0, 0, 0,
                    -8.668012217252e+002, 4.234710577350e+002, -8.547965827406e+002, -1.963616817625e+002,
                    6.002319492325e+002, 4.964776563788e+002, 0, 0, 0, 0, 0, 0, 0, 0, 0, 0, 0, 0, 0, 0, 0, 0, 0, 0, 0,
                    0, 0, 0, 0, 0, 0, 0, 0, 0, 0, 0, 0, 0, 0, 0, 0, 0, 0, 0, 0, 0, 0, 0, 0, 0, 0, 0, 0, 0, 0, 0, 0, 0,
                    0, 0
                },
                {
                    0, 0, 0, 0, 0, 0, 0, -6.406128515893e+001, 0, 0, 0, -3.203064257946e+003, 0, 0, 0, 0, 0, 0, 0,
                    -2.900000000000e+003, 0, 0, 0, 0, -4.234710577350e+002, 3.797485693457e+003, -1.455433474312e+003,
                    -2.082319299154e+003, 1.963616817625e+002, 9.929553127575e+002, 0, -5.377684880164e+002,
                    1.028035182942e+003, -1.187544827278e+003, 0, 0, 0, 0, 0, 0, 0, 0, 0, -6.406128515893e+001, 0, 0, 0,
                    3.203064257946e+003, 4.234710577350e+002, -2.315946351227e+002, 4.273982913703e+002,
                    -8.947744718763e+002, 1.963616817625e+002, 9.929553127575e+002, 0, 0, 0, 0, 0, 0, 0, 0, 0, 0, 0, 0,
                    0, 0, 0, 0, 0, 0, 0, 0, 0, 0, 0, 0, 0, 0, 0, 0, 0, 0, 0, 0, 0, 0, 0, 0, 0, 0, 0, 0, 0, 0, 0, 0, 0,
                    0, 0, 0, 0, 0, 0, 0, 0, 0
                },
                {
                    0, 0, 0, 0, 0, 0, 0, 0, -3.281403738931e+001, 0, 1.640701869465e+003, 0, 0, 0, 0, 0, 0, 0, 0, 0,
                    -3.312913907285e+001, -1.656456953642e+003, 0, 0, 8.547965827406e+002, -1.455433474312e+003,
                    3.043416081188e+003, -2.501254921457e+003, -5.020511083512e+002, 0, 0, 1.028035182942e+003,
                    -2.079821262429e+003, -5.937724136391e+002, 0, 0, 0, 0, 0, 0, 0, 0, 0, 0, -3.281403738931e+001, 0,
                    -1.640701869465e+003, 0, -8.547965827406e+002, 4.273982913703e+002, -8.648376049076e+002,
                    -2.510255541756e+002, -5.020511083512e+002, 0, 0, 0, 0, 0, 0, 0, 0, 0, 0, 0, 0, 0, 0, 0, 0, 0, 0, 0,
                    0, 0, 0, 0, 0, 0, 0, 0, 0, 0, 0, 0, 0, 0, 0, 0, 0, 0, 0, 0, 0, 0, 0, 0, 0, 0, 0, 0, 0, 0, 0, 0, 0,
                    0, 0, 0
                },
                {
                    0, 0, 0, 0, 0, 0, 0, 0, 0, -5.750000000000e+003, 0, 0, 0, 0, 0, 0, 0, 0, 0, 0, 1.656456953642e+003,
                    5.382284768212e+004, 0, 0, -1.963616817625e+002, -2.082319299154e+003, -2.501254921457e+003,
                    2.938156688927e+005, 2.740601028061e+003, -6.512924711936e+004, 0, 1.187544827278e+003,
                    5.937724136391e+002, 4.828316316588e+004, 0, 0, 0, 0, 0, 0, 0, 0, 0, 0, 0, -5.750000000000e+003, 0,
                    0, 1.963616817625e+002, 8.947744718763e+002, 2.510255541756e+002, 3.169584392968e+004,
                    2.725786213246e+003, -3.416628415640e+004, 0, 0, 0, 0, 0, 0, 0, 0, 0, 0, 0, 0, 0, 0, 0, 0, 0, 0, 0,
                    0, 0, 0, 0, 0, 0, 0, 0, 0, 0, 0, 0, 0, 0, 0, 0, 0, 0, 0, 0, 0, 0, 0, 0, 0, 0, 0, 0, 0, 0, 0, 0, 0,
                    0, 0
                },
                {
                    0, 0, 0, 0, 0, 0, 0, 0, -1.640701869465e+003, 0, 5.303509347327e+004, 0, 0, 0, 0, 0, 0, 0, 0, 0, 0,
                    0, -5.750000000000e+003, 0, 2.929226077473e+003, 1.963616817625e+002, -5.020511083512e+002,
                    2.740601028061e+003, 4.612436887994e+005, 1.094830050576e+005, -2.328994128240e+003, 0, 0, 0,
                    7.391969347996e+004, 3.953132491411e+004, 0, 0, 0, 0, 0, 0, 0, 0, 1.640701869465e+003, 0,
                    5.303509347327e+004, 0, -6.002319492325e+002, -1.963616817625e+002, 5.020511083512e+002,
                    2.725786213246e+003, 3.578452324955e+004, 1.708314207820e+004, 0, 0, 0, 0, 0, 0, 0, 0, 0, 0, 0, 0,
                    0, 0, 0, 0, 0, 0, 0, 0, 0, 0, 0, 0, 0, 0, 0, 0, 0, 0, 0, 0, 0, 0, 0, 0, 0, 0, 0, 0, 0, 0, 0, 0, 0,
                    0, 0, 0, 0, 0, 0, 0, 0, 0
                },
                {
                    0, 0, 0, 0, 0, 0, 0, 3.203064257946e+003, 0, 0, 0, 1.021532128973e+005, 0, 0, 0, 0, 0, 0,
                    -3.235246564268e+003, 0, 0, 0, 0, 1.037623282134e+005, 4.896221284767e+003, 9.929553127575e+002, 0,
                    -6.512924711936e+004, 1.094830050576e+005, 7.849157933378e+005, -1.164497064120e+003, 0, 0, 0,
                    3.953132491411e+004, 1.462270610880e+004, 0, 0, 0, 0, 0, 0, 0, -3.203064257946e+003, 0, 0, 0,
                    1.021532128973e+005, -4.964776563788e+002, -9.929553127575e+002, 0, -3.416628415640e+004,
                    1.708314207820e+004, 3.887452186216e+004, 0, 0, 0, 0, 0, 0, 0, 0, 0, 0, 0, 0, 0, 0, 0, 0, 0, 0, 0,
                    0, 0, 0, 0, 0, 0, 0, 0, 0, 0, 0, 0, 0, 0, 0, 0, 0, 0, 0, 0, 0, 0, 0, 0, 0, 0, 0, 0, 0, 0, 0, 0, 0,
                    0, 0
                },
                {
                    0, 0, 0, 0, 0, 0, -1.726078938290e+003, 8.530637727533e+002, -1.714055842000e+003,
                    1.982074123335e+002, -6.011548145179e+002, -4.987848195924e+002, -5.800000000000e+003, 0, 0, 0, 0,
                    0, -4.695962765998e+001, 0, 0, 0, -2.347981382999e+003, 1.173990691499e+003, -4.657988256480e+001,
                    0, 0, 0, -2.328994128240e+003, -1.164497064120e+003, 1.341961844851e+004, -8.530637727533e+002,
                    1.714055842000e+003, 1.982074123335e+002, -5.278130325757e+003, -4.892911922131e+002, 0, 0, 0, 0, 0,
                    0, 0, 0, 0, 0, 0, 0, -5.800000000000e+003, 0, 0, 0, 0, 0, 0, 0, 0, 0, 0, 0, 0, 0, 0, 0, 0, 0, 0, 0,
                    0, 0, 0, 0, 0, 0, 0, 0, 0, 0, 0, 0, 0, 0, 0, 0, 0, 0, 0, 0, 0, 0, 0, 0, 0, 0, 0, 0, 0, 0, 0, 0, 0,
                    0, 0, 0, 0, 0, 0, 0
                },
                {
                    0, 0, 0, 0, 0, 0, 8.530637727533e+002, -4.464832791603e+002, 8.570279209999e+002,
                    8.984659330182e+002, -1.982074123335e+002, -9.975696391849e+002, 0, -6.470493128537e+001, 0, 0, 0,
                    -3.235246564268e+003, 0, -1.056536258796e+003, -2.065570724502e+003, 1.187544827278e+003, 0, 0, 0,
                    -5.377684880164e+002, 1.028035182942e+003, 1.187544827278e+003, 0, 0, -8.530637727533e+002,
                    2.170197888544e+003, 1.805076205600e+002, 3.273555587574e+003, -1.982074123335e+002,
                    -9.975696391849e+002, 0, 0, 0, 0, 0, 0, 0, 0, 0, 0, 0, 0, 0, -6.470493128537e+001, 0, 0, 0,
                    3.235246564268e+003, 0, 0, 0, 0, 0, 0, 0, 0, 0, 0, 0, 0, 0, 0, 0, 0, 0, 0, 0, 0, 0, 0, 0, 0, 0, 0,
                    0, 0, 0, 0, 0, 0, 0, 0, 0, 0, 0, 0, 0, 0, 0, 0, 0, 0, 0, 0, 0, 0, 0, 0, 0, 0, 0, 0
                },
                {
                    0, 0, 0, 0, 0, 0, -1.714055842000e+003, 8.570279209999e+002, -1.724096864167e+003,
                    2.510255541756e+002, 5.020511083512e+002, 0, 0, 0, -3.281403738931e+001, 0, 1.640701869465e+003, 0,
                    0, -2.065570724502e+003, -4.154892345549e+003, -5.937724136391e+002, 0, 0, 0, 1.028035182942e+003,
                    -2.079821262429e+003, 5.937724136391e+002, 0, 0, 1.714055842000e+003, 1.805076205600e+002,
                    8.024438546923e+003, 2.510255541756e+002, 5.020511083512e+002, 0, 0, 0, 0, 0, 0, 0, 0, 0, 0, 0, 0,
                    0, 0, 0, -3.281403738931e+001, 0, -1.640701869465e+003, 0, 0, 0, 0, 0, 0, 0, 0, 0, 0, 0, 0, 0, 0, 0,
                    0, 0, 0, 0, 0, 0, 0, 0, 0, 0, 0, 0, 0, 0, 0, 0, 0, 0, 0, 0, 0, 0, 0, 0, 0, 0, 0, 0, 0, 0, 0, 0, 0,
                    0, 0, 0, 0, 0, 0, 0
                },
                {
                    0, 0, 0, 0, 0, 0, -1.982074123335e+002, -8.984659330182e+002, -2.510255541756e+002,
                    3.188041698678e+004, 2.633499684699e+003, -3.439700047776e+004, 0, 0, 0, -5.750000000000e+003, 0, 0,
                    0, -1.187544827278e+003, 5.937724136391e+002, 4.828316316588e+004, 0, 0, 0, -1.187544827278e+003,
                    -5.937724136391e+002, 4.828316316588e+004, 0, 0, 1.982074123335e+002, 3.273555587574e+003,
                    2.510255541756e+002, 2.823373345116e+005, 2.648314499514e+003, -6.535996344073e+004, 0, 0, 0, 0, 0,
                    0, 0, 0, 0, 0, 0, 0, 0, 0, 0, -5.750000000000e+003, 0, 0, 0, 0, 0, 0, 0, 0, 0, 0, 0, 0, 0, 0, 0, 0,
                    0, 0, 0, 0, 0, 0, 0, 0, 0, 0, 0, 0, 0, 0, 0, 0, 0, 0, 0, 0, 0, 0, 0, 0, 0, 0, 0, 0, 0, 0, 0, 0, 0,
                    0, 0, 0, 0, 0, 0, 0
                },
                {
                    0, 0, 0, 0, 0, 0, 6.011548145179e+002, 1.982074123335e+002, -5.020511083512e+002,
                    2.633499684699e+003, 3.583066651383e+004, 1.719850023888e+004, 0, 0, -1.640701869465e+003, 0,
                    5.303509347327e+004, 0, 2.347981382999e+003, 0, 0, 0, 7.486905621789e+004, -4.000600628307e+004,
                    2.328994128240e+003, 0, 0, 0, 7.391969347996e+004, 3.953132491411e+004, -5.278130325757e+003,
                    -1.982074123335e+002, 5.020511083512e+002, 2.648314499514e+003, 6.154689141457e+005,
                    3.220530035140e+004, 0, 0, 0, 0, 0, 0, 0, 0, 0, 0, 0, 0, 0, 0, 1.640701869465e+003, 0,
                    5.303509347327e+004, 0, 0, 0, 0, 0, 0, 0, 0, 0, 0, 0, 0, 0, 0, 0, 0, 0, 0, 0, 0, 0, 0, 0, 0, 0, 0,
                    0, 0, 0, 0, 0, 0, 0, 0, 0, 0, 0, 0, 0, 0, 0, 0, 0, 0, 0, 0, 0, 0, 0, 0, 0, 0, 0, 0, 0
                },
                {
                    0, 0, 0, 0, 0, 0, 4.987848195924e+002, 9.975696391849e+002, 0, -3.439700047776e+004,
                    1.719850023888e+004, 3.916291726387e+004, 0, 3.235246564268e+003, 0, 0, 0, 1.037623282134e+005,
                    -1.173990691499e+003, 0, 0, 0, -4.000600628307e+004, 1.486004679329e+004, 1.164497064120e+003, 0, 0,
                    0, 3.953132491411e+004, 1.462270610880e+004, -4.892911922131e+002, -9.975696391849e+002, 0,
                    -6.535996344073e+004, 3.220530035140e+004, 6.124995789400e+005, 0, 0, 0, 0, 0, 0, 0, 0, 0, 0, 0, 0,
                    0, -3.235246564268e+003, 0, 0, 0, 1.037623282134e+005, 0, 0, 0, 0, 0, 0, 0, 0, 0, 0, 0, 0, 0, 0, 0,
                    0, 0, 0, 0, 0, 0, 0, 0, 0, 0, 0, 0, 0, 0, 0, 0, 0, 0, 0, 0, 0, 0, 0, 0, 0, 0, 0, 0, 0, 0, 0, 0, 0,
                    0, 0, 0, 0, 0, 0
                },
                {
                    0, 0, 0, 0, 0, 0, 0, 0, 0, 0, 0, 0, 0, 0, 0, 0, 0, 0, -2.900000000000e+003, 0, 0, 0, 0, 0, 0, 0, 0,
                    0, 0, 0, 0, 0, 0, 0, 0, 0, 5.911664558945e+003, 0, 0, 0, 2.347981382999e+003, -4.409237255768e+003,
                    -6.470493128537e+001, 0, 0, 0, 0, -3.235246564268e+003, -4.695962765998e+001, 0, 0, 0,
                    2.347981382999e+003, -1.173990691499e+003, -2.900000000000e+003, 0, 0, 0, 0, 0, 0, 0, 0, 0, 0, 0, 0,
                    0, 0, 0, 0, 0, 0, 0, 0, 0, 0, 0, 0, 0, 0, 0, 0, 0, 0, 0, 0, 0, 0, 0, 0, 0, 0, 0, 0, 0, 0, 0, 0, 0,
                    0, 0, 0, 0, 0, 0, 0, 0
                },
                {
                    0, 0, 0, 0, 0, 0, 0, 0, 0, 0, 0, 0, 0, 0, 0, 0, 0, 0, 0, -6.470493128537e+001, 0, 0, 0,
                    -3.235246564268e+003, 0, 0, 0, 0, 0, 0, 0, 0, 0, 0, 0, 0, 0, 4.085946121367e+003,
                    2.065570724502e+003, -1.187544827278e+003, 0, 0, 0, -2.900000000000e+003, 0, 0, 0, 0, 0,
                    -1.056536258796e+003, -2.065570724502e+003, -1.187544827278e+003, 0, 0, 0, -6.470493128537e+001, 0,
                    0, 0, 3.235246564268e+003, 0, 0, 0, 0, 0, 0, 0, 0, 0, 0, 0, 0, 0, 0, 0, 0, 0, 0, 0, 0, 0, 0, 0, 0,
                    0, 0, 0, 0, 0, 0, 0, 0, 0, 0, 0, 0, 0, 0, 0, 0, 0, 0, 0, 0, 0, 0, 0, 0
                },
                {
                    0, 0, 0, 0, 0, 0, 0, 0, 0, 0, 0, 0, 0, 0, 0, 0, 0, 0, 0, 0, -3.312913907285e+001, 0,
                    1.656456953642e+003, 0, 0, 0, 0, 0, 0, 0, 0, 0, 0, 0, 0, 0, 0, 2.065570724502e+003,
                    4.254279762767e+003, 2.250229367281e+003, 0, 0, 0, 0, -3.312913907285e+001, 1.656456953642e+003, 0,
                    0, 0, -2.065570724502e+003, -4.154892345549e+003, 5.937724136391e+002, 0, 0, 0, 0,
                    -3.312913907285e+001, 0, -1.656456953642e+003, 0, 0, 0, 0, 0, 0, 0, 0, 0, 0, 0, 0, 0, 0, 0, 0, 0, 0,
                    0, 0, 0, 0, 0, 0, 0, 0, 0, 0, 0, 0, 0, 0, 0, 0, 0, 0, 0, 0, 0, 0, 0, 0, 0, 0, 0, 0, 0, 0, 0
                },
                {
                    0, 0, 0, 0, 0, 0, 0, 0, 0, 0, 0, 0, 0, 0, 0, 0, 0, 0, 0, 0, 0, -5.750000000000e+003, 0, 0, 0, 0, 0,
                    0, 0, 0, 0, 0, 0, 0, 0, 0, 0, -1.187544827278e+003, 2.250229367281e+003, 2.234827879260e+005, 0, 0,
                    0, 0, -1.656456953642e+003, 5.382284768212e+004, 0, 0, 0, 1.187544827278e+003, -5.937724136391e+002,
                    4.828316316588e+004, 0, 0, 0, 0, 0, -5.750000000000e+003, 0, 0, 0, 0, 0, 0, 0, 0, 0, 0, 0, 0, 0, 0,
                    0, 0, 0, 0, 0, 0, 0, 0, 0, 0, 0, 0, 0, 0, 0, 0, 0, 0, 0, 0, 0, 0, 0, 0, 0, 0, 0, 0, 0, 0, 0, 0, 0,
                    0, 0, 0
                },
                {
                    0, 0, 0, 0, 0, 0, 0, 0, 0, 0, 0, 0, 0, 0, 0, 0, 0, 0, 0, 0, -1.656456953642e+003, 0,
                    5.382284768212e+004, 0, 0, 0, 0, 0, 0, 0, 0, 0, 0, 0, 0, 0, 2.347981382999e+003, 0, 0, 0,
                    3.893247774462e+005, -7.739306286687e+004, 0, 0, 0, 0, -5.750000000000e+003, 0,
                    -2.347981382999e+003, 0, 0, 0, 7.486905621789e+004, -4.000600628307e+004, 0, 0, 1.656456953642e+003,
                    0, 5.382284768212e+004, 0, 0, 0, 0, 0, 0, 0, 0, 0, 0, 0, 0, 0, 0, 0, 0, 0, 0, 0, 0, 0, 0, 0, 0, 0,
                    0, 0, 0, 0, 0, 0, 0, 0, 0, 0, 0, 0, 0, 0, 0, 0, 0, 0, 0, 0, 0, 0, 0, 0
                },
                {
                    0, 0, 0, 0, 0, 0, 0, 0, 0, 0, 0, 0, 0, 0, 0, 0, 0, 0, 0, 3.235246564268e+003, 0, 0, 0,
                    1.037623282134e+005, 0, 0, 0, 0, 0, 0, 0, 0, 0, 0, 0, 0, -4.409237255768e+003, 0, 0, 0,
                    -7.739306286687e+004, 7.031264724219e+005, 3.235246564268e+003, 0, 0, 0, 0, 1.037623282134e+005,
                    1.173990691499e+003, 0, 0, 0, -4.000600628307e+004, 1.486004679329e+004, 0, -3.235246564268e+003, 0,
                    0, 0, 1.037623282134e+005, 0, 0, 0, 0, 0, 0, 0, 0, 0, 0, 0, 0, 0, 0, 0, 0, 0, 0, 0, 0, 0, 0, 0, 0,
                    0, 0, 0, 0, 0, 0, 0, 0, 0, 0, 0, 0, 0, 0, 0, 0, 0, 0, 0, 0, 0, 0, 0, 0
                },
                {
